AACG:1.5564940239043825
AACI:10.259488047808755
AACIW:0.088
AADI:8.994272908366531
AAL:14.8213745
AAME:2.3032270916334676
AAOI:4.775446215139438
AAON:57.806308083665336
AAPL:163.25701202788838
AATC:4.5666733067729055
ABCB:41.64844617928284
ABCL:8.151049800796809
ABCM:17.967181249003985
ABEO:3.4222908366533864
ABIO:2.0996015936254966
ABMD:349.1521074
ABNB:118.16621116135451
ABOS:5.56663545816733
ABSI:2.0837011952191236
ABUS:2.471354581673304
ABVC:5.662366535856573
ACABU:10.378852589641461
ACAD:21.19717130278883
ACAH:10.185707171314732
ACAXU:10.295147410358553
ACB:0.7900219123505976
ACBA:11.006918326693224
ACBAU:10.895715139442236
ACBAW:0.041
ACCD:11.620143428286863
ACER:1.3285856573705173
ACET:7.288850599601595
ACGL:69.1636056394422
ACGLN:18.903569719123496
ACGLO:22.239147444223118
ACHC:76.46866550996012
ACHL:1.1268725099601593
ACHV:4.864063745019922
ACIU:2.5264442231075703
ACIW:23.857470133466155
ACLS:130.40027886254978
